Python 3.6.7 (v3.6.7:6ec5cf24b7, Oct 20 2018, 13:35:33) [MSC v.1900 64 bit (AMD64)] on win32
Type "help", "copyright", "credits" or "license()" for more information.
>>> 
==== RESTART: C:\Users\Gabriel\Desktop\untitled\classification_binary.py ====
0.72095776
0.6383962
0.58173215
0.5463449
0.5260554
0.51505595
0.50911385
0.50567865
0.5034105
0.5016679
0.50016147
0.49876535
0.49742618
0.49612102
0.49484012
0.49357903
0.4923356
0.49110857
0.48989713
0.48870063
0.48751846
0.4863501
0.4851952
0.48405313
0.4829236
0.48180604
0.48070017
0.4796056
0.47852197
0.47744885
0.47638604
0.47533318
0.4742898
0.47325584
0.4722309
0.47121474
0.470207
0.46920764
0.4682162
0.46723258
0.4662566
0.46528792
0.46432647
0.46337187
0.46242413
0.461483
0.46054825
0.45961976
0.45869735
0.45778096
0.4568703
0.45596537
0.45506594
0.4541718
0.45328298
0.45239928
0.4515206
0.45064685
0.44977796
0.44891372
0.448054
0.44719878
0.44634804
0.44550148
0.44465935
0.44382116
0.44298705
0.44215694
0.44133076
0.44050834
0.43968976
0.43887484
0.43806347
0.43725574
0.4364514
0.43565056
0.43485308
0.4340589
0.43326798
0.43248025
0.4316958
0.43091437
0.430136
0.42936075
0.42858836
0.4278189
0.42705238
0.42628872
0.42552784
0.42476976
0.42401448
0.42326188
0.42251185
0.42176446
0.42101976
0.42027763
0.419538
0.41880086
0.41806626
0.41733408
0.41660437
0.415877
0.41515207
0.41442946
0.41370916
0.4129912
0.41227552
0.41156206
0.41085085
0.41014194
0.40943515
0.40873054
0.40802813
0.40732786
0.4066297
0.4059336
0.40523967
0.40454772
0.40385786
0.4031701
0.4024843
0.40180054
0.40111876
0.400439
0.3997612
0.39908528
0.39841127
0.39773938
0.39706922
0.39640102
0.3957347
0.3950703
0.39440775
0.39374706
0.3930882
0.3924311
0.39177588
0.3911225
0.3904709
0.38982108
0.389173
0.3885267
0.3878822
0.3872395
0.38659847
0.38595924
0.38532165
0.38468587
0.38405165
0.38341928
0.38278857
0.38215956
0.38153216
0.38090655
0.38028252
0.37966016
0.37903938
0.37842032
0.37780288
0.377187
0.37657282
0.37596023
0.37534925
0.37473986
0.37413204
0.37352586
0.37292126
0.37231818
0.37171674
0.37111685
0.37051845
0.3699216
0.36932638
0.3687326
0.36814043
0.36754978
0.36696064
0.36637303
0.36578688
0.36520222
0.36461923
0.36403763
0.36345747
0.36287883
0.36230168
0.36172602
0.3611518
0.3605791
0.3600078
0.35943797
0.35886958
0.3583027
0.35773718
0.3571732
0.35661057
0.3560494
0.3554896
0.35493132
0.35437438
0.35381886
0.35326478
0.35271206
0.35216078
0.35161087
0.35106233
0.35051516
0.3499694
0.34942505
0.34888205
0.34834036
0.3478001
0.3472612
0.3467236
0.34618744
0.34565258
0.345119
0.34458685
0.34405604
0.34352648
0.34299836
0.34247145
0.3419459
0.3414217
0.34089875
0.3403772
0.3398569
0.33933792
0.3388202
0.33830377
0.3377886
0.33727482
0.33676222
0.336251
0.335741
0.33523223
0.33472478
0.3342186
0.33371365
0.33320996
0.33270752
0.33220634
0.33170637
0.33120772
0.3307103
0.33021405
0.3297191
0.32922533
0.32873276
0.32824147
0.3277514
0.32726255
0.32677484
0.32628837
0.32580313
0.32531908
0.32483616
0.32435453
0.3238741
0.3233948
0.32291666
0.3224397
0.32196397
0.32148933
0.32101598
0.32054374
0.32007274
0.3196028
0.31913397
0.31866637
0.3182
0.31773463
0.3172705
0.31680748
0.3163456
0.3158848
0.31542525
0.3149667
0.31450936
0.31405315
0.31359807
0.313144
0.3126911
0.31223932
0.31178862
0.31133905
0.3108905
0.31044316
0.30999687
0.30955166
0.3091075
0.30866453
0.30822256
0.30778167
0.30734187
0.30690315
0.3064655
0.30602893
0.30559334
0.30515888
0.30472547
0.3042931
0.30386177
0.30343148
0.30300227
0.30257413
0.30214697
0.30172086
0.30129576
0.30087176
0.3004487
0.3000267
0.29960573
0.29918578
0.29876682
0.29834887
0.29793194
0.29751605
0.2971011
0.29668722
0.29627427
0.29586235
0.29545143
0.29504147
0.29463252
0.2942246
0.2938176
0.29341158
0.29300648
0.29260245
0.29219928
0.29179716
0.29139596
0.29099575
0.29059657
0.29019827
0.28980085
0.28940448
0.28900903
0.28861454
0.28822097
0.28782836
0.28743663
0.2870459
0.28665608
0.28626713
0.28587916
0.28549215
0.28510594
0.28472075
0.28433645
0.2839531
0.28357062
0.28318903
0.28280836
0.28242856
0.28204972
0.28167173
0.28129467
0.2809185
0.28054318
0.28016874
0.27979517
0.27942255
0.27905083
0.2786799
0.2783099
0.27794078
0.27757242
0.27720508
0.2768385
0.2764728
0.27610797
0.27574396
0.27538082
0.2750185
0.27465707
0.2742965
0.27393678
0.27357787
0.2732198
0.27286252
0.27250615
0.27215058
0.27179578
0.27144194
0.2710888
0.27073655
0.27038512
0.2700345
0.26968464
0.26933563
0.2689875
0.26864004
0.2682935
0.26794773
0.26760277
0.26725855
0.26691517
0.26657256
0.26623073
0.26588973
0.26554954
0.26521006
0.2648714
0.26453352
0.2641964
0.26386005
0.2635245
0.26318967
0.26285568
0.2625224
0.26218992
0.2618582
0.2615272
0.261197
0.2608675
0.26053882
0.26021087
0.2598836
0.2595572
0.25923145
0.25890645
0.25858223
0.25825873
0.25793597
0.25761393
0.25729263
0.25697204
0.2566522
0.2563331
0.25601467
0.25569698
0.25538
0.2550638
0.25474823
0.2544334
0.2541193
0.25380588
0.2534932
0.2531812
0.25286987
0.2525593
0.25224945
0.25194022
0.25163168
0.25132388
0.25101677
0.25071028
0.25040457
0.25009948
0.24979512
0.2494914
0.24918836
0.248886
0.24858429
0.24828328
0.24798293
0.24768335
0.24738425
0.24708594
0.24678825
0.24649118
0.24619485
0.24589914
0.2456041
0.24530971
0.24501592
0.24472286
0.24443036
0.24413858
0.24384739
0.24355687
0.24326696
0.24297778
0.24268913
0.24240112
0.24211383
0.24182713
0.24154101
0.24125558
0.24097073
0.24068654
0.24040294
0.24011995
0.23983759
0.2395559
0.23927478
0.23899424
0.23871435
0.23843507
0.23815638
0.23787826
0.23760082
0.23732392
0.23704772
0.23677199
0.23649693
0.23622245
0.23594856
0.23567526
0.23540257
0.23513044
0.23485889
0.23458792
0.23431759
0.23404782
0.23377861
0.23350997
0.23324199
0.23297448
0.2327076
0.23244125
0.23217551
0.23191035
0.2316457
0.23138161
0.23111819
0.23085529
0.23059286
0.230331
0.23006977
0.22980909
0.22954893
0.2292894
0.22903033
0.2287718
0.2285139
0.22825651
0.22799963
0.22774334
0.22748758
0.22723238
0.22697766
0.22672357
0.22646992
0.22621684
0.22596431
0.22571225
0.22546075
0.22520979
0.22495936
0.22470947
0.22446012
0.22421122
0.22396295
0.22371511
0.22346772
0.22322096
0.22297467
0.22272891
0.2224837
0.22223891
0.2219947
0.22175099
0.22150774
0.22126509
0.2210229
0.22078115
0.22053997
0.22029923
0.22005905
0.21981932
0.2195801
0.21934141
0.21910317
0.2188654
0.21862815
0.2183914
0.21815509
0.2179193
0.21768402
0.21744923
0.21721484
0.216981
0.21674758
0.21651466
0.21628225
0.21605028
0.21581881
0.2155878
0.21535723
0.21512718
0.21489751
0.21466841
0.21443973
0.21421154
0.21398379
0.21375655
0.21352965
0.21330333
0.21307738
0.21285193
0.212627
0.2124024
0.21217833
0.21195467
0.2117315
0.21150874
0.2112865
0.21106459
0.21084325
0.21062225
0.21040171
0.21018165
0.20996207
0.20974286
0.20952414
0.20930582
0.2090879
0.20887049
0.20865344
0.20843686
0.20822074
0.20800501
0.20778972
0.20757484
0.20736043
0.20714642
0.20693284
0.20671964
0.20650691
0.2062946
0.20608266
0.20587121
0.2056601
0.20544948
0.20523919
0.20502941
0.20481998
0.20461096
0.20440237
0.20419419
0.20398642
0.20377906
0.20357211
0.20336558
0.20315944
0.20295365
0.2027483
0.20254332
0.2023388
0.20213461
0.20193084
0.20172752
0.20152456
0.20132203
0.2011198
0.20091803
0.20071663
0.20051555
0.20031498
0.20011477
0.19991492
0.19971548
0.19951642
0.1993177
0.19911937
0.1989215
0.1987239
0.19852675
0.19832994
0.19813354
0.19793749
0.19774185
0.19754656
0.19735168
0.19715708
0.19696295
0.19676912
0.1965757
0.19638264
0.19618998
0.19599764
0.19580567
0.19561408
0.19542283
0.19523196
0.19504142
0.19485132
0.19466154
0.19447213
0.19428302
0.1940943
0.19390595
0.19371796
0.19353028
0.19334298
0.19315606
0.19296944
0.19278322
0.19259733
0.1924118
0.19222657
0.19204175
0.19185722
0.1916731
0.19148923
0.19130577
0.1911226
0.19093986
0.19075741
0.1905753
0.19039355
0.19021212
0.19003099
0.18985029
0.18966983
0.18948977
0.18930997
0.18913054
0.18895145
0.1887727
0.18859427
0.18841617
0.1882384
0.18806092
0.18788381
0.18770702
0.18753056
0.18735443
0.18717857
0.18700306
0.18682791
0.18665302
0.18647848
0.18630427
0.1861304
0.18595682
0.18578352
0.18561059
0.18543793
0.18526562
0.18509363
0.1849219
0.18475054
0.18457945
0.18440871
0.18423824
0.18406808
0.18389823
0.1837287
0.18355948
0.18339051
0.18322194
0.18305361
0.18288563
0.18271787
0.18255049
0.18238337
0.18221657
0.18205006
0.18188386
0.18171795
0.18155229
0.18138702
0.18122196
0.18105727
0.18089287
0.18072869
0.18056484
0.18040127
0.180238
0.18007503
0.17991239
0.17974997
0.17958784
0.17942606
0.1792645
0.17910324
0.17894231
0.17878157
0.17862119
0.17846109
0.17830126
0.17814171
0.17798245
0.17782348
0.17766476
0.17750633
0.17734815
0.17719029
0.17703272
0.17687537
0.17671835
0.17656158
0.17640506
0.17624886
0.17609292
0.17593728
0.17578189
0.17562671
0.17547186
0.17531729
0.17516293
0.17500885
0.17485507
0.17470157
0.17454828
0.17439528
0.17424256
0.17409009
0.17393792
0.17378598
0.17363428
0.17348284
0.17333172
0.17318082
0.17303015
0.17287982
0.17272967
0.17257982
0.1724302
0.17228083
0.17213179
0.1719829
0.17183435
0.171686
0.17153795
0.17139016
0.17124254
0.17109519
0.17094816
0.17080134
0.17065479
0.17050843
0.17036241
0.17021652
0.17007096
0.16992559
0.16978054
0.1696357
0.1694911
0.16934673
0.16920264
0.16905876
0.16891515
0.16877174
0.16862862
0.1684857
0.16834307
0.16820066
0.16805847
0.16791649
0.16777478
0.16763334
0.1674921
0.16735113
0.16721036
0.16706984
0.1669295
0.16678947
0.16664962
0.16651006
0.1663707
0.16623156
0.16609266
0.16595401
0.16581553
0.16567738
0.1655394
0.1654016
0.1652641
0.16512682
0.16498971
0.16485286
0.16471626
0.1645799
0.1644437
0.16430773
0.16417204
0.16403656
0.16390125
0.16376618
0.1636314
0.1634968
0.1633624
0.16322821
0.16309421
0.16296051
0.162827
0.1626937
0.16256063
0.16242777
0.16229516
0.1621627
0.16203047
0.16189848
0.16176672
0.16163513
0.16150378
0.16137265
0.16124173
0.16111097
0.16098045
0.16085018
0.16072005
0.1605902
0.16046052
0.16033106
0.16020179
0.16007274
0.15994388
0.15981527
0.15968686
0.15955858
0.15943056
0.15930279
0.15917514
0.15904775
0.15892059
0.15879357
0.15866676
0.15854019
0.1584138
0.15828761
0.15816163
0.15803581
0.15791023
0.1577848
0.15765966
0.15753467
0.15740983
0.15728524
0.15716086
0.15703666
0.15691267
0.15678881
0.1566652
0.15654181
0.15641859
0.15629552
0.1561727
0.15605003
0.15592755
0.15580533
0.15568326
0.1555614
0.15543969
0.15531817
0.1551969
0.15507576
0.1549548
0.15483406
0.15471356
0.15459312
0.15447299
0.15435295
0.15423314
0.15411355
0.15399413
0.15387486
0.1537558
0.15363693
0.15351821
0.15339974
0.15328138
0.15316324
0.15304527
0.15292749
0.1528099
0.15269248
0.15257522
0.1524582
0.1523413
0.15222466
0.1521081
0.15199181
0.15187563
0.15175961
0.1516438
0.15152816
0.15141276
0.15129744
0.15118241
0.15106745
0.15095267
0.15083812
0.15072371
0.15060948
0.15049542
0.15038155
0.15026782
0.15015432
0.15004094
0.14992772
0.14981475
0.14970188
0.14958923
0.14947669
0.14936434
0.14925219
0.14914022
0.14902836
0.1489167
0.14880525
0.14869387
0.14858273
0.14847174
0.1483609
0.14825027
0.14813974
0.14802946
0.1479193
0.14780933
0.14769946
0.1475898
0.14748028
0.14737095
0.14726181
0.1471528
0.14704394
0.14693522
0.14682673
0.14671835
0.14661017
0.1465021
0.14639424
0.1462865
0.14617898
0.14607151
0.14596425
0.14585717
0.14575022
0.14564347
0.14553683
0.14543034
0.14532404
0.14521791
0.1451119
0.14500605
0.1449004
0.14479485
0.14468952
0.14458428
0.14447922
0.14437436
0.14426953
0.14416493
0.1440605
0.14395621
0.14385208
0.14374806
0.14364426
0.14354052
0.14343695
0.14333358
0.14323035
0.14312726
0.14302428
0.14292152
0.14281885
0.14271633
0.14261404
0.14251183
0.14240977
0.14230786
0.14220612
0.14210452
0.14200301
0.1419017
0.14180055
0.14169951
0.14159863
0.14149787
0.14139731
0.14129685
0.14119656
0.1410964
0.1409964
0.1408965
0.14079681
0.14069721
0.14059775
0.14049847
0.14039926
0.14030026
0.14020139
0.14010262
0.14000402
0.13990559
0.13980721
0.13970909
0.13961102
0.13951312
0.13941534
0.13931777
0.13922025
0.13912289
0.13902569
0.13892867
0.13883165
0.13873483
0.13863821
0.13854165
0.13844526
0.13834901
0.1382529
0.1381569
0.13806102
0.13796534
0.13786973
0.13777429
0.137679
0.1375838
0.13748874
0.1373938
0.13729902
0.13720436
0.13710986
0.13701545
0.13692121
0.13682704
0.13673307
0.13663922
0.13654548
0.13645186
0.13635838
0.13626505
0.13617179
0.13607876
0.13598576
0.13589291
0.13580023
0.13570765
0.13561518
0.13552287
0.13543071
0.1353386
0.13524666
0.13515486
0.13506316
0.13497163
0.13488014
0.13478889
0.13469765
0.13460661
0.13451563
0.13442485
0.13433416
0.13424362
0.13415313
0.13406284
0.13397263
0.13388258
0.13379262
0.13370281
0.13361306
0.13352351
0.13343407
0.13334471
0.13325548
0.13316642
0.13307743
0.13298859
0.1328998
0.13281123
0.13272266
0.13263433
0.13254605
0.13245796
0.13236989
0.132282
0.1321942
0.13210656
0.132019
0.13193157
0.1318443
0.1317571
0.13166998
0.13158302
0.13149619
0.13140945
0.13132282
0.13123633
0.1311499
0.13106367
0.13097748
0.13089147
0.13080554
0.1307197
0.13063405
0.13054846
0.13046297
0.13037764
0.13029237
0.13020726
0.13012227
0.13003735
0.12995256
0.12986788
0.12978332
0.12969887
0.12961449
0.12953028
0.1294462
0.12936212
0.12927824
0.12919448
0.1291108
0.12902723
0.12894379
0.12886041
0.1287772
0.12869406
0.12861104
0.1285281
0.12844531
0.12836261
0.12828006
0.12819752
0.12811519
0.12803291
0.12795074
0.12786871
0.12778676
0.12770493
0.1276232
0.1275416
0.12746005
0.12737863
0.12729731
0.12721612
0.12713502
0.127054
0.12697314
0.12689237
0.1268117
0.12673108
0.12665063
0.12657027
0.12649
0.12640983
0.1263298
0.12624986
0.12617
0.12609024
0.12601063
0.12593105
0.12585162
0.1257723
0.125693
0.12561394
0.12553489
0.12545593
0.12537709
0.12529837
0.12521972
0.12514123
0.12506276
0.124984436
0.124906234
0.1248281
0.124750026
0.12467211
0.12459428
0.12451655
0.12443891
0.124361396
0.12428395
0.124206625
0.12412935
0.12405223
0.12397516
0.12389821
0.12382134
0.12374461
0.12366795
0.12359133
0.1235149
0.12343854
0.12336228
0.12328606
0.12320999
0.12313398
0.12305812
0.122982286
0.1229066
0.122830965
0.12275547
0.12268004
0.12260473
0.122529514
0.122454375
0.122379296
0.12230437
0.12222948
0.12215478
0.12208008
0.12200552
0.12193101
0.12185664
0.121782325
0.12170815
0.12163398
0.121559955
0.12148603
0.12141221
0.12133848
0.12126482
0.12119124
0.12111778
0.12104439
0.120971076
0.12089789
0.12082478
0.12075176
0.120678835
0.12060597
0.120533235
0.12046057
0.120387994
0.12031549
0.12024308
0.12017077
0.12009859
0.12002646
0.11995441
0.11988241
0.11981055
0.11973878
0.119667076
0.119595446
0.11952397
0.119452514
0.11938119
0.11930993
0.119238764
0.11916766
0.11909666
0.119025774
0.118954934
0.1188842
0.118813574
0.11874295
0.1186725
0.118602104
0.118531786
0.11846157
0.118391395
0.11832136
0.11825135
0.11818149
0.11811171
0.11804197
0.11797231
0.11790279
0.117833294
0.11776394
0.117694646
0.117625415
0.11755628
0.11748723
0.11741826
0.11734932
0.11728052
0.11721182
0.11714319
0.1170746
0.11700612
0.116937734
0.11686937
0.116801195
0.116733044
0.11666495
0.11659697
0.11652907
0.11646124
0.11639351
0.11632582
0.11625823
0.116190724
0.11612329
0.11605591
0.11598868
0.11592152
0.11585436
0.11578732
0.11572037
0.11565354
0.115586735
0.11552
0.11545336
0.115386814
0.11532038
0.11525395
0.11518761
0.115121365
0.115055226
0.11498913
0.1149231
0.114857174
0.11479131
0.11472551
0.11465982
0.11459421
0.114528626
0.1144632
0.11439779
0.114332475
0.11426722
0.11420206
0.114136964
0.11407196
0.11400697
0.113942154
0.11387735
0.113812625
0.113747984
0.11368341
0.11361893
0.11355453
0.11349019
0.11342594
0.11336169
0.11329762
0.113233596
0.11316959
0.11310571
0.11304188
0.11297815
0.11291442
0.112850845
0.112787314
0.11272386
0.11266046
0.1125972
0.11253393
0.11247077
0.112407684
0.112344705
0.11228166
0.11221883
0.11215601
0.11209328
0.112030596
0.11196803
0.11190549
0.11184309
0.1117807
0.11171838
0.11165615
0.11159397
0.11153189
0.111469865
0.11140793
0.11134601
0.111284174
0.111222476
0.11116079
0.111099176
0.11103764
0.11097619
0.11091477
0.11085349
0.11079225
0.11073103
0.1106699
0.11060885
0.11054788
0.110486954
0.11042613
0.11036538
0.11030465
0.11024401
0.110183485
0.11012293
0.11006252
0.11000216
0.10994184
0.1098816
0.109821476
0.10976136
0.10970134
0.10964137
0.10958145
0.10952165
0.1094619
0.10940222
0.10934258
0.109283
0.109223515
0.1091641
0.109104745
0.10904542
0.10898623
0.10892708
0.10886795
0.108808935
0.10874996
0.10869104
0.1086322
0.108573444
0.10851475
0.108456105
0.10839752
0.108339004
0.10828058
0.10822216
0.108163826
0.1081056
0.10804745
0.10798926
0.10793125
0.10787326
0.10781529
0.10775744
0.10769963
0.107641846
0.107584156
0.10752663
0.107469
0.10741154
0.10735413
0.10729674
0.10723942
0.10718223
0.10712502
0.10706789
0.10701089
0.10695388
0.106896944
0.106840044
0.10678326
0.10672652
0.10666981
0.106613226
0.106556654
0.10650017
0.10644371
0.10638735
0.10633102
0.10627479
0.106218606
0.10616245
0.10610636
0.10605038
0.10599444
0.10593852
0.1058827
0.105826944
0.105771214
0.105715565
0.105659984
0.10560447
0.105548985
0.10549357
0.10543823
0.10538295
0.10532769
0.105272554
0.10521742
0.10516236
0.105107404
0.105052434
0.10499758
0.10494274
0.104887955
0.104833245
0.10477862
0.10472403
0.10466949
0.10461504
0.10456065
0.104506284
0.10445198
0.104397744
0.10434359
0.10428945
0.10423537
0.10418139
0.104127444
0.104073554
0.104019664
0.10396593
0.103912205
0.10385856
0.10380494
0.10375138
0.103697844
0.1036444
0.103591055
0.10353773
0.10348446
0.10343125
0.10337808
0.10332497
0.10327198
0.10321892
0.10316602
0.103113145
0.10306031
0.10300753
0.102954865
0.1029022
0.10284957
0.10279704
0.10274453
0.10269209
0.1026397
0.102587394
0.10253509
0.10248289
0.10243073
0.10237864
0.102326594
0.10227454
0.1022226
0.102170736
0.10211891
0.102067135
0.102015376
0.1019637
0.10191209
0.10186052
0.10180902
0.101757504
0.10170611
0.10165474
0.101603486
0.10155221
0.101500995
0.10144987
0.101398766
0.10134771
0.101296745
0.10124578
0.10119491
0.101144075
0.101093315
0.10104257
0.10099191
0.1009413
0.1008907
0.10084022
0.10078975
0.10073932
0.10068897
0.10063869
0.10058841
0.100538194
0.10048806
0.10043793
0.10038787
0.10033786
0.10028791
0.10023802
0.10018817
0.10013837
0.10008862
0.10003894
0.099989295
0.09993968
0.099890135
0.099840604
0.0997912
0.09974178
0.099692486
0.09964314
0.09959396
0.099544756
0.09949553
0.09944647
0.09939742
0.09934845
0.09929951
0.099250555
0.09920176
0.09915292
0.09910419
0.0990555
0.099006824
0.098958254
0.098909676
0.098861165
0.09881273
0.09876431
0.098715924
0.09866763
0.098619364
0.098571144
0.098523
0.09847486
0.09842677
0.098378755
0.098330796
0.098282896
0.098235
0.098187216
0.09813941
0.098091684
0.098043956
0.097996354
0.09794874
0.09790122
0.09785374
0.09780627
0.09775887
0.09771148
0.09766418
0.09761691
0.097569734
0.097522505
0.0974754
0.09742833
0.09738132
0.09733432
0.097287394
0.0972405
0.09719368
0.09714686
0.09710011
0.09705343
0.09700673
0.09696013
0.09691357
0.09686708
0.09682056
0.09677415
0.09672779
0.09668144
0.09663513
0.09658889
0.09654268
0.096496545
0.09645041
0.096404344
0.09635832
0.09631234
0.09626641
0.09622055
0.09617465
0.0961289
0.09608311
0.096037425
0.09599176
0.095946155
0.09590057
0.095855065
0.09580958
0.09576415
0.09571872
0.095673375
0.09562811
0.095582806
0.09553761
0.0954924
0.0954473
0.0954022
0.09535717
0.095312156
0.09526718
0.09522227
0.09517741
0.09513258
0.0950878
0.095043056
0.09499837
0.094953716
0.09490907
0.09486452
0.09481996
0.094775505
0.09473103
0.09468665
0.09464234
0.094597995
0.09455373
0.09450952
0.09446532
0.094421186
0.09437708
0.094333045
0.094289005
0.09424505
0.094201095
0.09415722
0.09411339
0.09406959
0.09402577
0.09398208
0.09393838
0.09389475
0.09385113
0.0938076
0.09376404
0.09372059
0.09367716
0.09363375
0.09359044
0.093547136
0.09350386
0.09346064
0.09341744
0.09337431
0.09333122
0.093288176
0.093245156
0.093202144
0.09315923
0.09311638
0.09307346
0.093030654
0.092987865
0.09294512
0.09290248
0.0928598
0.092817195
0.09277461
0.09273208
0.0926896
0.092647135
0.09260472
0.092562325
0.09252
0.09247771
0.09243544
0.09239324
0.09235103
0.0923089
0.09226677
0.09222472
0.09218269
0.09214068
0.092098765
0.09205687
0.092015006
0.09197315
0.09193137
0.09188961
0.091847956
0.091806255
0.09176466
0.09172308
0.09168151
0.091639966
0.09159851
0.09155705
0.09151567
0.09147432
0.09143297
0.091391705
0.091350436
0.0913092
0.09126807
0.091226935
0.09118586
0.09114479
0.09110376
0.09106279
0.09102181
0.09098094
0.09094005
0.09089922
0.09085845
0.09081767
0.09077699
0.09073631
0.09069567
0.09065506
0.0906145
0.090573944
0.09053346
0.090493
0.09045261
0.09041222
0.09037185
0.09033156
0.090291284
0.090251036
0.09021085
0.09017068
0.09013057
0.09009049
0.09005044
0.09001043
0.08997043
0.089930505
0.08989059
0.08985075
0.08981091
0.08977109
0.08973136
0.08969162
0.08965189
0.08961225
0.08957263
0.08953308
0.089493506
0.08945402
0.08941454
0.08937513
0.0893357
0.08929635
0.08925698
0.08921772
0.0891785
0.089139245
0.08910006
0.089060895
0.08902178
0.088982694
0.08894367
0.08890463
0.088865675
0.08882675
0.088787824
0.088748954
0.08871014
0.08867132
0.08863256
0.08859384
0.08855509
0.08851644
0.08847783
0.08843926
0.0884007
0.088362165
0.088323645
0.08828521
0.08824679
0.088208385
0.088170074
0.08813175
0.08809347
0.08805519
0.08801699
0.08797881
0.08794067
0.08790252
0.08786445
0.0878264
0.08778838
0.08775044
0.08771249
0.08767456
0.0876367
0.08759886
0.08756109
0.08752325
0.08748552
0.08744783
0.08741012
0.087372504
0.08733485
0.08729728
0.08725975
0.087222256
0.087184764
0.0871473
0.0871099
0.0870725
0.08703521
0.086997904
0.086960584
0.08692336
0.08688616
0.08684897
0.08681179
0.08677468
0.086737595
0.08670055
0.086663544
0.08662652
0.08658961
0.0865527
0.086515784
0.08647895
0.08644208
0.08640531
0.08636856
0.08633184
0.08629512
0.08625846
0.08622185
0.08618524
0.08614864
0.08611209
0.08607561
0.08603913
0.086002745
0.08596633
0.08592993
0.0858936
0.08585725
0.08582098
0.08578471
0.08574849
0.085712284
0.085676126
0.085640036
0.0856039
0.08556787
0.08553181
0.08549586
0.08545989
0.08542395
0.085388035
0.085352145
0.08531629
0.08528051
0.08524469
[[0.00909627]
 [0.11086302]
 [0.1726609 ]
 [0.85066426]
 [0.9746848 ]
 [0.9923373 ]] [[0.]
 [0.]
 [0.]
 [1.]
 [1.]
 [1.]] 1.0
>>> 
